# Tidspunkt	Tilsyneladende størrelsesklasse/flux
2455922.72785 0.8157605235639072
2455923.704114 0.246428304305288
2455924.6854 0.4788399193302698
2455925.699419 0.6570471415593058
2455926.711226 0.8235580957109343
2455927.710233 0.2967023668028994
2455929.684382 0.7018016046025601
2455930.829558 0.4508074130266449
2455931.649932 0.3492459954777319
2455932.647366 0.5535749023234697
2455933.697797 0.7433285824572079
2455934.694247 0.3074014837940953
2455935.645594 0.4192998428083656
2455935.808579 -0.11968202392647605
2455936.563376 1.4221485349210325
2455936.639244 0.5724165706572231
2455937.669479 0.7385711451010686
2455938.670212 0.1944136000893445
2455939.713584 0.4246326205538295
2455940.749086 0.6264242763482724
2455941.749854 0.8144154230991908
2455942.774199 0.28087121911836416
2455943.731693 0.4662765817350417
2455944.726548 0.6801135051614832
2455945.704829 0.7977227308646755
2455946.644557 0.30211482561497927
2455946.761431 0.31562360395654954
2455947.711553 0.5239792356586449
2455948.700829 0.6994800948669079
2455949.716993 0.5053144324251129
2455950.638041 0.3433268086789529
2455951.66336 0.5596797535311309
2455952.687938 0.7586849224583659
2455953.685908 0.2287406803126652
2455954.683461 0.3980769056727959
2455955.705447 0.6039320994767218
2455956.706126 0.8041068460599434
2455958.723283 0.45201164862417487
2455959.694564 0.6323506910341028
2455960.695672 0.8276384931880827
2455961.629048 0.2723226777139641
2455962.629971 0.4865501003516427
2455963.596635 0.6674027040980941
2455964.608635 0.7818367536466333
2455965.607591 0.2782414703553424
2455967.629728 0.7213311218582262
2455968.629807 0.49176261391711334
2455969.605824 0.3521393116537537
2455970.5833 0.553318925728635
2455971.676192 0.7773012740753862
2455972.66258 0.2113495554728158
2455973.645635 0.40755181300358434
2455974.60067 0.7548013095609761
2455976.634824 0.2150174631870886
2455977.668331 0.43156718609660194
2455978.644223 0.6463551523911257
2455979.594976 0.8127614528892673
2455980.610636 0.264088351107693
2455981.634133 0.4958786444854891
2455982.639979 0.6878093685621847
2455983.682677 0.6310098792509113
2455984.621672 0.3448376954741353
2455985.654035 0.5366735203013492
2455986.58377 0.7178512710657066
2455987.658865 0.35398655954222397
2455988.62521 0.3393639590717218
2455989.589715 0.5814843706320385
2455990.583202 0.7589826210727881
2455991.658217 0.1808369377239452
2455992.618451 0.42568031120779537
2455993.57533 0.6055267837437179
2455994.574014 0.8196546646325011
2455995.621691 0.22705394327753436
2455996.591811 0.4661901594120724
2455997.593957 0.6554556446442289
2455998.592306 0.8198969015472275
2455998.652746 0.7670197412249823
2455999.631037 0.2882915377304817
2456000.608426 0.49949376623546154
2456002.572152 0.6904447799052342
2456003.538233 0.3281392339877673
2456004.577024 0.5333867347827389
2456005.564506 0.7324038696433797
2456006.564744 0.36103481630685075
2456007.563974 0.37703725023218276
2456008.571781 0.5779854746772037
2456009.539612 0.7386991483501151
2456010.591644 0.19745972658110675
2456011.553908 0.4176106573372065
2456012.553023 0.6226721350047316
2456013.534743 0.8155951829065158
2456014.553721 0.24644921375115733
2456015.548844 0.48098266933643136
2456016.589685 0.6471345896973137
2456017.552563 0.7587077558741164
2456018.507802 0.2751265107248297
2456019.553655 0.5211101245402373
2456020.578467 0.7033904191863127
